13 3 5 7
16 3 5 7
17 3 5 7
19 3 5 7
22 3 5 7
23 3 5 7
26 3 5 7
29 3 5 7
31 3 5 7
32 3 5 7
34 3 5 7
37 3 5 7
38 3 5 7
41 3 5 7
43 3 5 7
44 3 5 7
46 3 5 7
47 3 5 7
52 3 5 7
53 3 5 7
58 3 5 7
59 3 5 7
61 3 5 7
62 3 5 7
64 3 5 7
67 3 5 7
68 3 5 7
71 3 5 7
73 3 5 7
74 3 5 7
76 3 5 7
79 3 5 7
82 3 5 7
83 3 5 7
86 3 5 7
88 3 5 7
89 3 5 7
92 3 5 7
94 3 5 7
97 3 5 7
12 5 7 11
14 3 5 11
18 5 7 11
24 5 7 11
25 3 7 11
27 5 7 11
28 3 5 11
36 5 7 11
39 5 7 11
40 3 7 11
48 5 7 11
49 3 5 11
50 3 7 11
51 5 7 11
56 3 5 11
57 5 7 11
69 5 7 11
72 5 7 11
78 5 7 11
80 3 7 11
81 5 7 11
91 3 5 11
93 5 7 11
95 3 7 11
100 3 7 11
